0 1 100
1 0 100
0 7 141
7 0 141
0 6 100
6 0 100
1 2 90
2 1 90
1 8 135
8 1 135
2 3 100
3 2 100
8 9 100
9 8 100
3 4 100
4 3 100
3 10 141
10 3 141
4 5 90
5 4 90
5 10 135
10 5 135
9 16 141
16 9 141
16 10 100
10 16 100
10 11 90
11 10 90
11 17 100
17 11 100
17 23 80
23 17 80
23 15 206
15 23 206
15 22 128
22 15 128
22 29 127
29 22 127
7 14 135
14 7 135
14 9 141
9 14 141
14 20 80
20 14 80
20 19 90
19 20 90
19 18 100
18 19 100
7 13 100
13 7 100
13 14 90
14 13 90
13 20 120
20 13 120
6 12 100
12 6 100
12 18 80
18 12 80
18 24 90
24 18 90
24 25 110
25 24 110
25 26 80
26 25 80
26 21 135
21 26 135
21 15 80
15 21 80
21 27 90
27 21 90
27 26 100
26 27 100
27 28 100
28 27 100